61.42499923706055
61.150001525878906
61.064998626708984
61.439998626708984
61.4900016784668
60.94499969482422
60.474998474121094
60.275001525878906
60.584999084472656
60.67499923706055
60.970001220703125
60.595001220703125
60.904998779296875
60.11000061035156
60.10499954223633
60.040000915527344
60.25
60.19499969482422
60.1150016784668
59.720001220703125
59.90999984741211
59.5
59.915000915527344
59.71500015258789
60.48500061035156
60.47999954223633
60.32500076293945
61.025001525878906
61.224998474121094
61.0099983215332
61.42499923706055
61.439998626708984
61.04999923706055
60.79999923706055
60.814998626708984
61.22999954223633
61.005001068115234
60.404998779296875
59.83000183105469
60.03499984741211
60.154998779296875
59.94499969482422
59.94499969482422
60
60.5
60.67499923706055
60.70500183105469
59.96500015258789
59.040000915527344
58.79999923706055
59.0099983215332
58.494998931884766
58.29499816894531
57.86000061035156
57.814998626708984
58.43000030517578
58.584999084472656
57.9900016784668
58.84000015258789
57.959999084472656
58.19499969482422
59.209999084472656
59.064998626708984
58.845001220703125
58.06999969482422
58.97999954223633
59.25
59.36000061035156
60.07500076293945
60.29499816894531
60.290000915527344
60.334999084472656
60.29999923706055
60.44499969482422
60.80500030517578
61.07500076293945
60.95000076293945
60.709999084472656
60.82500076293945
61.39500045776367
61.790000915527344
62.064998626708984
62.40999984741211
62.70000076293945
62.78499984741211
62.220001220703125
62.22999954223633
61.98500061035156
62.7599983215332
62.779998779296875
62.63999938964844
62.630001068115234
62.3650016784668
62.375
62.52000045776367
62.625
62.97999954223633
63.10499954223633
62.94499969482422
62.869998931884766
62.34000015258789
62.38999938964844
62.6150016784668
62.904998779296875
62.94499969482422
62.03499984741211
62.125
61.89500045776367
61.665000915527344
62.57500076293945
63.029998779296875
62.9900016784668
63.61000061035156
63.845001220703125
63.935001373291016
64.11499786376953
63.75
63.81999969482422
63.595001220703125
63.400001525878906
63.744998931884766
62.625
62.810001373291016
63
62.86000061035156
63.39500045776367
63.900001525878906
63.96500015258789
63.650001525878906
63.89500045776367
63.32500076293945
63.01499938964844
63.165000915527344
62.54999923706055
63
62.880001068115234
63.0099983215332
62.724998474121094
63.31999969482422
63.560001373291016
64.05500030517578
63.97999954223633
63.79999923706055
64.30000305175781
64.13999938964844
64.23999786376953
64.42500305175781
63.790000915527344
64.3499984741211
64.30500030517578
64.19999694824219
63.72999954223633
63.470001220703125
63.650001525878906
63.310001373291016
63.80500030517578
63.959999084472656
64.62000274658203
64.91000366210938
65.05000305175781
65.0999984741211
64.69999694824219
64.33999633789062
64.7300033569336
64.71499633789062
64.80000305175781
64.75499725341797
64.375
64.9749984741211
64.80000305175781
64.83499908447266
64.76499938964844
65.13999938964844
65.37999725341797
65.3499984741211
64.6500015258789
64.73500061035156
64.1500015258789
64.27999877929688
64.26499938964844
64.16500091552734
65.2699966430664
65.46499633789062
65.55500030517578
65.5250015258789
65.33499908447266
65.125
65.13999938964844
65.33000183105469
65.45500183105469
65.13999938964844
65.5250015258789
65.33499908447266
65.63999938964844
66.19999694824219
66.26000213623047
66.25499725341797
66.16500091552734
65.30999755859375
64.43499755859375
64.50499725341797
64.30000305175781
63.125
62.83000183105469
63.185001373291016
62.810001373291016
62.31999969482422
62.53499984741211
63.400001525878906
63.7599983215332
62.60499954223633
63.345001220703125
64.1500015258789
64.2750015258789
63.19499969482422
62.90999984741211
62.5
62.439998626708984
62.20000076293945
61.3849983215332
60.654998779296875
61.040000915527344
62.45000076293945
62.125
61.5
61.51499938964844
62.20000076293945
61.86000061035156
61.95500183105469
61.9900016784668
61.400001525878906
61.834999084472656
63.185001373291016
63.154998779296875
63.63999938964844
63.119998931884766
63.32500076293945
62.79999923706055
62.875
63.10499954223633
62.43000030517578
61.5
61.13999938964844
61.03499984741211
61.2400016784668
62.25
61.6150016784668
61.125
62.314998626708984
62.525001525878906
62.69499969482422
62.53499984741211
63.084999084472656
63.08000183105469
62.755001068115234
63.150001525878906
63.290000915527344
63.2599983215332
63.04999923706055
62.7599983215332
62.439998626708984
62.68000030517578
62.48500061035156
62.599998474121094
63.400001525878906
64.0199966430664
64.16500091552734
64.41999816894531
64.17500305175781
64.19499969482422
63.8849983215332
63.880001068115234
63.904998779296875
64.2750015258789
64.4000015258789
64.54000091552734
64.52999877929688
64.90499877929688
65.03500366210938
64.33999633789062
64.0999984741211
64.2300033569336
64.25
64.9800033569336
65.32499694824219
65.18499755859375
65.33999633789062
65.38999938964844
65.22000122070312
65.61000061035156
65.19999694824219
65.03500366210938
65.32499694824219
65.77999877929688
65.86000061035156
65.92500305175781
65.72000122070312
65.53500366210938
65.63500213623047
66.33000183105469
66.6500015258789
66.5199966430664
66.58499908447266
66.73500061035156
66.61499786376953
67.27999877929688
67.51499938964844
67.69999694824219
67.43499755859375
67.52999877929688
67.6050033569336
67.58499908447266
67.875
68.04000091552734
68.26499938964844
68.625
68.0999984741211
68.125
68.04000091552734
67.48999786376953
67.44999694824219
67.44000244140625
68.19000244140625
68.42500305175781
68.5999984741211
68.2249984741211
68.37999725341797
68.53500366210938
69.06999969482422
69.33000183105469
69.4800033569336
69.44499969482422
69.48500061035156
69.66500091552734
69.86000061035156
69.65499877929688
68.55000305175781
68.80999755859375
69.51499938964844
69.625
69.43000030517578
70.11000061035156
70.36499786376953
70.32499694824219
70.01000213623047
70.12999725341797
70.27999877929688
70.16999816894531
70.29000091552734
70.82499694824219
70.84500122070312
70.55500030517578
70.65499877929688
70.625
70.3499984741211
69.5999984741211
70.00499725341797
70.48500061035156
70.38500213623047
70.1050033569336
69.9749984741211
70.11499786376953
69.55999755859375
69.81500244140625
69.81500244140625
69.97000122070312
70.5
70.96499633789062
70.83000183105469
70.87999725341797
70.5
70.7750015258789
70.49500274658203
70.69499969482422
71.31999969482422
70.5199966430664
70.4749984741211
70.48999786376953
70.8949966430664
71.41000366210938
71.81999969482422
71.91000366210938
71.99500274658203
72
72.23500061035156
72.1449966430664
71.5999984741211
71.34500122070312
71.94999694824219
72.43000030517578
72.44499969482422
72.49500274658203
72.70999908447266
72.73999786376953
72.71499633789062
72.4800033569336
72.38500213623047
69.69999694824219
70.25
70.05000305175781
69.05000305175781
68.25
69.4000015258789
69.34500122070312
69.92500305175781
69.94999694824219
70.13500213623047
68.875
69.2249984741211
69.5
69.19999694824219
69.98999786376953
70.44999694824219
71.57499694824219
71.61499786376953
71.75499725341797
71.33000183105469
71.04499816894531
70.58000183105469
70.7750015258789
70.73500061035156
70.91000366210938
71.55500030517578
71.62999725341797
71.83000183105469
71.91500091552734
72.11499786376953
71.65499877929688
72.125
72.36499786376953
73.09500122070312
73.20999908447266
73.2750015258789
73.13999938964844
73.79000091552734
73.6449966430664
73.63500213623047
74.29000091552734
74.31500244140625
74.23500061035156
73.58000183105469
73.74500274658203
74.29000091552734
74.62000274658203
74.83999633789062
74.95999908447266
74.88500213623047
75.1500015258789
74.20500183105469
74.9000015258789
74.67500305175781
74.4749984741211
75.11499786376953
74.93499755859375
75.49500274658203
75.70999908447266
75.69999694824219
75.66000366210938
74.88500213623047
75.25
75.55000305175781
76.19999694824219
76.31999969482422
76.62999725341797
76.75499725341797
76.36499786376953
75.58499908447266
74.09500122070312
75.11000061035156
75.19999694824219
74.2750015258789
75.43499755859375
75.9749984741211
76.37999725341797
76.26000213623047
76.47000122070312
75.46499633789062
75.83999633789062
75.19999694824219
74.38500213623047
73.77999877929688
74.87000274658203
74.86000061035156
74.69000244140625
75.55500030517578
75.87999725341797
75.83999633789062
76.26000213623047
76.22000122070312
75.17500305175781
75.7249984741211
76.87000274658203
77.0999984741211
77.04499816894531
77
76.82499694824219
77.01000213623047
76.31999969482422
76.47000122070312
75.12999725341797
75.1449966430664
73.36499786376953
71.98500061035156
73.05000305175781
72.05000305175781
72.4749984741211
73.08999633789062
71.19000244140625
72.38999938964844
72.93499755859375
74.03500366210938
72.0250015258789
71.86000061035156
72
70.74500274658203
69.80000305175781
70.25
71.52999877929688
71.68000030517578
71.69000244140625
72.69000244140625
72.57499694824219
73.42500305175781
72.66000366210938
71.16999816894531
72.58499908447266
72.3949966430664
73.11000061035156
73.95999908447266
73.30999755859375
73.52999877929688
72.46499633789062
72.15499877929688
73.0999984741211
73.3499984741211
73.625
73.69000244140625
73.30000305175781
75.34500122070312
75.88999938964844
75.43000030517578
75.61000061035156
75.07499694824219
74.9000015258789
75.44999694824219
75.86499786376953
75.5999984741211
76.57499694824219
76.44999694824219
76.33000183105469
76.4749984741211
77.30500030517578
77.20500183105469
77.74500274658203
77.59500122070312
77.15499877929688
77.54000091552734
76.93499755859375
76.38999938964844
76.44499969482422
76.46499633789062
74.5
74.86499786376953
75.4000015258789
75.3499984741211
75.30000305175781
76.20500183105469
76.51000213623047
75.96499633789062
76.95500183105469
75.00499725341797
74.98999786376953
74.4000015258789
75.43000030517578
73.3499984741211
73.25499725341797
72.29000091552734
71.3499984741211
73.43499755859375
73.18000030517578
72.125
72.41000366210938
71.2249984741211
71.5
70.25
71.30000305175781
69.90499877929688
70.76000213623047
72.92500305175781
72.95999908447266
73.4749984741211
73.02999877929688
72.55999755859375
73.6449966430664
74.70999908447266
74.80000305175781
75.44000244140625
73.38500213623047
73.8499984741211
73.86000061035156
72.8499984741211
71.73500061035156
72.25
72.17500305175781
72.29000091552734
73.40499877929688
74.08999633789062
74.1500015258789
73.22000122070312
72.94000244140625
72.57499694824219
71.71499633789062
71.62999725341797
69.71499633789062
69.75
68.5
69.2249984741211
69.68000030517578
69.0250015258789
69.69000244140625
68
67.58999633789062
65.7300033569336
65.28500366210938
64.55999755859375
66.25
66.67500305175781
65.70500183105469
67.08000183105469
67.3550033569336
66.74500274658203
68.0999984741211
69.19999694824219
68.37999725341797
66.44000244140625
65.93499755859375
66.54000091552734
66.1500015258789
66.53500366210938
67.1500015258789
67.91500091552734
67.03500366210938
67.05000305175781
67.26499938964844
67.58000183105469
66.82499694824219
67.13500213623047
68.26000213623047
68.69999694824219
68.58999633789062
67.9000015258789
66.4000015258789
66.16500091552734
65.95500183105469
66.32499694824219
64.94999694824219
64.25
63.27000045776367
65.51000213623047
64.88500213623047
65.30500030517578
64.1050033569336
63.3650016784668
66
64.23500061035156
65.58000183105469
67
66.78500366210938
66
65.75499725341797
65.16999816894531
65.5
67.73500061035156
67.77999877929688
67.86000061035156
67.88500213623047
67.91999816894531
67.79499816894531
67.18499755859375
67.5250015258789
66.1449966430664
65.91999816894531
66.23500061035156
67.875
67.95999908447266
68.8949966430664
68.75
68.17500305175781
68.38500213623047
68.76499938964844
69.29499816894531
69.26499938964844
68.9749984741211
68.69999694824219
69.91000366210938
70.11000061035156
69.75
70.34500122070312
69.3550033569336
69.21499633789062
69.17500305175781
69.88999938964844
69.97000122070312
70.19000244140625
70.93499755859375
71.05999755859375
71.16999816894531
70.58499908447266
69.4000015258789
69.63500213623047
68.62999725341797
69.2300033569336
69.6449966430664
69.94999694824219
70.08499908447266
69.5250015258789
69.1500015258789
69.2750015258789
70.625
68.49500274658203
68.55000305175781
68.20500183105469
67.17500305175781
67.375
68.375
68.48999786376953
68
67.5
67.69999694824219
66.5999984741211
66.4000015258789
65.76000213623047
66.2300033569336
64.30999755859375
64.22000122070312
64.08999633789062
64.38999938964844
63.06999969482422
63.0099983215332
62.400001525878906
63.54999923706055
62.2599983215332
62.650001525878906
62.099998474121094
61.4900016784668
60.70000076293945
62.099998474121094
62.75
63.099998474121094
63.27000045776367
64.11000061035156
64.41999816894531
62.90999984741211
63.099998474121094
62.25
63.56999969482422
64.41999816894531
63.689998626708984
63.40999984741211
62.880001068115234
64.48999786376953
64.56999969482422
63.650001525878906
65
65.6500015258789
64.93000030517578
64.77999877929688
65.12000274658203
65.5
64.54000091552734
63.86000061035156
64.08999633789062
64.26000213623047
65.16000366210938
63.790000915527344
64
64.43000030517578
65.4800033569336
64.62000274658203
64.3499984741211
64.2300033569336
62.2599983215332
62.630001068115234
63.720001220703125
61.5099983215332
61.91999816894531
62.790000915527344
63.40999984741211
60.5
61.279998779296875
58.540000915527344
60.5
63.41999816894531
61.22999954223633
60.189998626708984
59.84000015258789
60.90999984741211
60.86000061035156
56.849998474121094
58.36000061035156
58.290000915527344
55.66999816894531
54.81999969482422
52.90999984741211
49.68000030517578
48.72999954223633
45.66999816894531
44.349998474121094
50.040000915527344
49.61000061035156
44.970001220703125
47.040000915527344
46.599998474121094
48.9900016784668
47.5099983215332
44.86000061035156
45.41999816894531
43.2400016784668
41.84000015258789
46.040000915527344
45.58000183105469
47.119998931884766
48.15999984741211
48
49.72999954223633
47.27000045776367
44.95000076293945
46.11000061035156
45.599998474121094
44.560001373291016
42.279998779296875
45.06999969482422
43.150001525878906
42.02000045776367
42.40999984741211
39.84000015258789
37.18000030517578
39.290000915527344
41.630001068115234
42.209999084472656
43.77000045776367
44.29999923706055
40.34000015258789
41.93000030517578
43.0099983215332
41.72999954223633
43.209999084472656
44.86000061035156
44.040000915527344
44.540000915527344
43.290000915527344
43.720001220703125
43
45.2599983215332
44.93000030517578
44.150001525878906
44.11000061035156
43.15999984741211
42.70000076293945
42.869998931884766
43.31999969482422
42.9900016784668
44.119998931884766
44.7400016784668
46.029998779296875
46.02000045776367
46.400001525878906
45.099998474121094
45.29999923706055
44.189998626708984
43.220001220703125
43.279998779296875
41.869998931884766
42.02000045776367
42.33000183105469
40.130001068115234
41.77000045776367
41.04999923706055
41.29999923706055
41.529998779296875
42.02000045776367
43.470001220703125
42.040000915527344
41.13999938964844
41.06999969482422
41.650001525878906
41.43000030517578
42.09000015258789
43.29999923706055
43.310001373291016
41.33000183105469
41.58000183105469
41.689998626708984
41.27000045776367
39.4900016784668
39.36000061035156
38.939998626708984
38.47999954223633
37.16999816894531
38.52000045776367
38.220001220703125
37.52000045776367
36.810001373291016
35.099998474121094
34.79999923706055
35.560001373291016
34.119998931884766
34.11000061035156
33.70000076293945
35.849998474121094
35.97999954223633
37.459999084472656
37.86000061035156
37.650001525878906
38.84000015258789
39.66999816894531
39.27000045776367
38.439998626708984
41.11000061035156
40.290000915527344
40.43000030517578
41.439998626708984
40.65999984741211
39.22999954223633
39.58000183105469
40.369998931884766
41.58000183105469
42.099998474121094
41.689998626708984
40.630001068115234
41.20000076293945
42.869998931884766
42.93000030517578
42.130001068115234
42.58000183105469
43.310001373291016
43.599998474121094
41.75
42.58000183105469
42.400001525878906
42.70000076293945
43.45000076293945
43
42.91999816894531
43.939998626708984
43.93000030517578
44.18000030517578
45.689998626708984
45.529998779296875
46.2400016784668
45.52000045776367
46.54999923706055
45.75
45.630001068115234
44.33000183105469
44.779998779296875
44.310001373291016
45.66999816894531
45.68000030517578
45.41999816894531
44.599998474121094
44.630001068115234
45.83000183105469
45.060001373291016
45.619998931884766
46.33000183105469
47.47999954223633
47.66999816894531
47.09000015258789
47.560001373291016
47.470001220703125
47.34000015258789
47.59000015258789
47.470001220703125
47.75
47.790000915527344
46.68000030517578
46.029998779296875
45.970001220703125
46.220001220703125
46.38999938964844
45.04999923706055
45.04999923706055
45.18000030517578
46.22999954223633
46.13999938964844
46.58000183105469
46.27000045776367
46.540000915527344
45.31999969482422
45.150001525878906
44.220001220703125
44.15999984741211
44.25
44.13999938964844
45.15999984741211
45.47999954223633
46.84000015258789
47.29999923706055
47.31999969482422
47.849998474121094
48.060001373291016
48.09000015258789
49.22999954223633
49.38999938964844
49.599998474121094
49.47999954223633
49.2400016784668
49.77000045776367
49.849998474121094
50.689998626708984
50.880001068115234
50.7599983215332
50.40999984741211
51.119998931884766
51
50.34000015258789
50.88999938964844
51.34000015258789
50.869998931884766
49.54999923706055
50.06999969482422
50.5
50.97999954223633
51.93000030517578
52
52.099998474121094
52.060001373291016
52.2400016784668
52.20000076293945
51.70000076293945
50.560001373291016
50.349998474121094
50.810001373291016
51.459999084472656
51.97999954223633
52.5
53.040000915527344
53.08000183105469
53.36000061035156
53.619998931884766
54.459999084472656
54.36000061035156
54.439998626708984
54.290000915527344
54.61000061035156
54.04999923706055
53.22999954223633
52.88999938964844
53.880001068115234
53.790000915527344
53.59000015258789
52.16999816894531
51.86000061035156
52.65999984741211
53.439998626708984
53.560001373291016
54.029998779296875
54.400001525878906
54.599998474121094
54.45000076293945
55.41999816894531
55.61000061035156
55.20000076293945
55.650001525878906
55.310001373291016
54.77000045776367
55.36000061035156
54.650001525878906
54.029998779296875
53.7400016784668
52.56999969482422
53.630001068115234
52.18000030517578
52.470001220703125
52.709999084472656
52.79999923706055
53.810001373291016
53.95000076293945
55.15999984741211
55.18000030517578
55.459999084472656
54.84000015258789
55.15999984741211
55.9900016784668
56.04999923706055
56.0099983215332
55.209999084472656
55.040000915527344
55.689998626708984
55.72999954223633
55.95000076293945
55.0099983215332
55.150001525878906
55.83000183105469
55.9900016784668
55.4900016784668
55.900001525878906
55.83000183105469
55.25
55.43000030517578
55.709999084472656
55.9900016784668
56.40999984741211
56.16999816894531
56.310001373291016
55.68000030517578
56.02000045776367
56.56999969482422
56.5
56.689998626708984
56.97999954223633
57.04999923706055
56.95000076293945
56.93000030517578
56.369998931884766
57.310001373291016
57.529998779296875
57.61000061035156
57.849998474121094
58.040000915527344
58.119998931884766
57.52000045776367
58.060001373291016
58.15999984741211
57.5
58.2599983215332
57.720001220703125
56.65999984741211
55.40999984741211
55.650001525878906
55.400001525878906
55.66999816894531
55.0099983215332
54.36000061035156
55.189998626708984
55.900001525878906
55.619998931884766
53.88999938964844
53.97999954223633
53.560001373291016
54.27000045776367
54.189998626708984
54.77000045776367
54.77000045776367
55.689998626708984
56
56.31999969482422
56.52000045776367
56.43000030517578
55.75
56.25
56.22999954223633
56.22999954223633
56.900001525878906
57.08000183105469
57.150001525878906
57.29999923706055
58.209999084472656
58.220001220703125
58.34000015258789
58.650001525878906
58.869998931884766
58.869998931884766
58.849998474121094
59.33000183105469
59.709999084472656
59.63999938964844
59.25
59.66999816894531
60.09000015258789
59.7400016784668
59.400001525878906
59.38999938964844
59.7400016784668
59.77000045776367
59.59000015258789
60.02000045776367
60.599998474121094
60.77000045776367
60.45000076293945
60.59000015258789
61
61.13999938964844
61.20000076293945
61.95000076293945
62.029998779296875
61.060001373291016
61.220001220703125
61.79999923706055
61.75
62.04999923706055
62.470001220703125
62.25
60.75
61.150001525878906
61.95000076293945
60.88999938964844
61.709999084472656
60.209999084472656
59.720001220703125
57.709999084472656
56.619998931884766
59.220001220703125
59.16999816894531
60.119998931884766
59.400001525878906
58.33000183105469
58.369998931884766
57.540000915527344
57.130001068115234
54.90999984741211
55.709999084472656
55.0099983215332
55.0099983215332
54.779998779296875
56.70000076293945
56.09000015258789
54.93000030517578
56.36000061035156
56.65999984741211
54.66999816894531
53.779998779296875
54.2400016784668
53.9900016784668
55.650001525878906
55.9900016784668
56
57.2599983215332
57.20000076293945
57.29999923706055
57.34000015258789
57.119998931884766
56.13999938964844
55.91999816894531
54.77000045776367
55.04999923706055
54.869998931884766
53.13999938964844
52.560001373291016
52.33000183105469
52.08000183105469
52.2400016784668
53.939998626708984
54.470001220703125
54.88999938964844
54.90999984741211
55.810001373291016
55.79999923706055
55.849998474121094
54.22999954223633
54.540000915527344
55.16999816894531
54.47999954223633
55.689998626708984
56.2599983215332
56.95000076293945
56.880001068115234
56.47999954223633
56.189998626708984
56.25
57.459999084472656
57.150001525878906
57.599998474121094
57.47999954223633
57.27000045776367
57.56999969482422
57.209999084472656
55.52000045776367
55.209999084472656
55
54.95000076293945
55.72999954223633
55.86000061035156
54.880001068115234
54.689998626708984
54.400001525878906
53.619998931884766
53.790000915527344
53.459999084472656
54.380001068115234
53.59000015258789
53.599998474121094
55.16999816894531
55.75
56.4900016784668
55.880001068115234
56.16999816894531
56.45000076293945
56.689998626708984
57.40999984741211
57.400001525878906
57.59000015258789
57.56999969482422
57.599998474121094
58.54999923706055
58.40999984741211
58.099998474121094
57.599998474121094
58.52000045776367
58.27000045776367
58.599998474121094
58.5
58.369998931884766
58.630001068115234
58.11000061035156
59.31999969482422
59.2599983215332
59.18000030517578
59.58000183105469
59.66999816894531
59.880001068115234
60.349998474121094
60.189998626708984
60.2400016784668
60.56999969482422
59.689998626708984
60.290000915527344
60.38999938964844
60.56999969482422
60.77000045776367
60.7599983215332
60.63999938964844
60.63999938964844
60.720001220703125
60.72999954223633
61.209999084472656
61.459999084472656
62.65999984741211
62.939998626708984
62.86000061035156
62.369998931884766
62.63999938964844
62.470001220703125
61.68000030517578
61.59000015258789
60.61000061035156
60.709999084472656
61.560001373291016
61.810001373291016
61.81999969482422
60.939998626708984
61.91999816894531
61.5
61.40999984741211
61.029998779296875
62.34000015258789
63.13999938964844
63.34000015258789
63.31999969482422
63.38999938964844
63.56999969482422
63.79999923706055
64.20999908447266
64.2300033569336
64.25
63.970001220703125
64.3499984741211
64.47000122070312
64.63999938964844
65.02999877929688
64.93000030517578
64.83999633789062
64.87999725341797
64.94000244140625
65.04000091552734
64.95999908447266
64.93000030517578
65.5999984741211
65.47000122070312
65.83000183105469
65.68000030517578
65.52999877929688
65.58000183105469
65.83999633789062
66.43000030517578
66.33000183105469
66.76000213623047
66.93000030517578
66.12999725341797
65.93000030517578
66.04000091552734
66.41000366210938
66.44999694824219
66.83000183105469
67.02999877929688
65.83000183105469
66.26000213623047
67.3499984741211
67.2699966430664
67.41999816894531
67.61000061035156
68.05999755859375
68.4000015258789
68.22000122070312
68.30000305175781
68.75
68.93000030517578
68.70999908447266
69.16000366210938
69.41000366210938
69.54000091552734
68.05000305175781
67.4800033569336
67.48999786376953
68.33999633789062
68.70999908447266
67.55000305175781
67.69000244140625
68.91999816894531
68.45999908447266
67.83999633789062
68.44999694824219
68.3499984741211
67.04000091552734
67.48999786376953
67.08000183105469
66.37000274658203
65.22000122070312
65.97000122070312
66.27999877929688
67.31999969482422
67.0999984741211
67.26000213623047
67.9000015258789
67.86000061035156
67.69999694824219
68.19999694824219
68.70999908447266
68.70999908447266
69.04000091552734
69.0999984741211
69.13999938964844
69.31999969482422
69.12000274658203
68.83000183105469
68.58000183105469
68
68.04000091552734
68.08000183105469
68.41000366210938
67.58999633789062
67.9800033569336
68.97000122070312
69.30999755859375
69.23999786376953
69.8499984741211
70.30999755859375
70.5199966430664
70.69999694824219
70.58000183105469
70.19000244140625
69.66999816894531
69.11000061035156
69.41000366210938
69.77999877929688
70.4000015258789
69.68000030517578
70.01000213623047
69.37000274658203
68.88999938964844
68.83000183105469
69.48999786376953
69.66000366210938
69.13999938964844
68.26000213623047
68.19000244140625
68.47000122070312
68.87999725341797
69.19999694824219
69.94999694824219
68.36000061035156
68.2300033569336
67.52999877929688
66.75
66.72000122070312
66.37000274658203
66.83999633789062
65.88999938964844
65.87999725341797
66.79000091552734
65.5999984741211
65.70999908447266
65.91999816894531
66.2300033569336
67.23999786376953
66.87000274658203
66.76000213623047
65.72000122070312
66.27999877929688
67.19999694824219
67.79000091552734
68.4000015258789
69.37999725341797
69.37000274658203
69.51000213623047
70.26000213623047
69.76000213623047
68.47000122070312
68.16999816894531
68.43000030517578
67.8499984741211
68.27999877929688
67.6500015258789
68.79000091552734
68.75
69.58999633789062
69.70999908447266
69.26000213623047
68.97000122070312
67.44999694824219
67.22000122070312
66.8499984741211
66.55000305175781
64.79000091552734
65.1500015258789
61.880001068115234
61.619998931884766
57.349998474121094
60.220001220703125
57.65999984741211
60.29999923706055
60.70000076293945
62.02000045776367
61.43000030517578
61.439998626708984
58.70000076293945
57.650001525878906
57.65999984741211
59.63999938964844
60.4900016784668
59.47999954223633
60.470001220703125
62.36000061035156
62.529998779296875
62.779998779296875
62.06999969482422
60.369998931884766
59.9900016784668
61.779998779296875
61.040000915527344
59.45000076293945
59.869998931884766
60.470001220703125
61.33000183105469
62.400001525878906
62.70000076293945
62.040000915527344
61.81999969482422
59.810001373291016
57.970001220703125
58
59.369998931884766
60.119998931884766
58.75
59.18000030517578
57.720001220703125
55.810001373291016
57.209999084472656
58.380001068115234
59.5099983215332
58.970001220703125
61
61.04999923706055
61.630001068115234
61.54999923706055
62.66999816894531
61.400001525878906
62.63999938964844
61.810001373291016
62.09000015258789
63.2599983215332
64.31999969482422
63.0099983215332
63.689998626708984
65.88999938964844
65.94999694824219
64.27999877929688
62.56999969482422
63.599998474121094
64.83999633789062
64.48999786376953
64.81999969482422
65.5999984741211
63.099998474121094
63.65999984741211
64.91999816894531
64.27999877929688
64.66999816894531
63.59000015258789
62.54999923706055
62.459999084472656
61.29999923706055
61.0099983215332
59.650001525878906
59.459999084472656
61.25
61.439998626708984
64.04000091552734
64.04000091552734
64.01000213623047
64.70999908447266
64.73999786376953
64.91000366210938
63.439998626708984
64.56999969482422
63.58000183105469
62.900001525878906
62.18000030517578
62.40999984741211
62.619998931884766
61.88999938964844
63.83000183105469
63.59000015258789
64.25
64.73999786376953
64.75
63.959999084472656
64.58999633789062
64.30000305175781
65.20999908447266
65.23999786376953
65.52999877929688
65.37999725341797
65.52999877929688
66.18000030517578
66.30000305175781
66.45999908447266
66.1500015258789
66.30000305175781
67.0999984741211
67.51000213623047
67.52999877929688
67.55000305175781
67.54000091552734
68.16000366210938
67.80999755859375
67.86000061035156
67.58999633789062
67.55999755859375
68.33999633789062
68.45999908447266
69.4800033569336
69.44000244140625
69.5999984741211
69.75
69.86000061035156
69.30999755859375
69.83999633789062
69.73999786376953
69.44000244140625
70.2699966430664
70.37000274658203
70.33999633789062
70.12000274658203
70.51000213623047
70.61000061035156
70.66999816894531
70.87000274658203
70.41000366210938
70.94999694824219
70.5999984741211
70.27999877929688
69.1500015258789
69.75
70.47000122070312
70.81999969482422
70.7699966430664
72.08000183105469
71.93000030517578
72.3499984741211
72.45999908447266
72.7300033569336
72.4800033569336
72.4000015258789
71.81999969482422
72.11000061035156
72.80000305175781
72.55999755859375
72.19999694824219
72.06999969482422
72.26000213623047
72.87000274658203
72.62999725341797
71.81999969482422
71.7699966430664
70.93000030517578
69.5999984741211
70.18000030517578
71.23999786376953
70.37000274658203
70.30000305175781
71.37000274658203
71.12000274658203
70.70999908447266
70.81999969482422
70.20999908447266
70.44000244140625
71.4800033569336
72
72.16999816894531
71.80000305175781
72.26000213623047
72.0999984741211
71.47000122070312
70.27999877929688
70.33000183105469
70.06999969482422
69.6500015258789
69.83000183105469
69.63999938964844
68.8499984741211
68.4800033569336
68.16000366210938
66.9800033569336
66.41999816894531
67.6500015258789
67.66999816894531
67.79000091552734
67.91999816894531
67.76000213623047
68.58000183105469
67.5
67.33000183105469
65.5999984741211
65.54000091552734
66.04000091552734
67.58000183105469
67.5
68.08999633789062
67.13999938964844
67.87000274658203
67.37000274658203
68.06999969482422
68.7699966430664
68.97000122070312
69.69999694824219
69.56999969482422
68
68.55000305175781
67.08999633789062
67.41000366210938
68.05999755859375
67.91999816894531
69.69999694824219
69.88999938964844
70.45999908447266
70.16999816894531
69.51000213623047
69.33999633789062
68.72000122070312
68.66999816894531
68.4000015258789
69.47000122070312
69.30000305175781
69.76000213623047
70.26000213623047
70.37999725341797
69.73999786376953
68.97000122070312
68.3499984741211
68.36000061035156
69.4000015258789
70.7699966430664
70.69999694824219
70.30999755859375
70.02999877929688
69.55000305175781
70.95999908447266
71.13999938964844
71.56999969482422
71.66000366210938
71.72000122070312
71.86000061035156
71.80000305175781
71.77999877929688
71.94000244140625
72.48999786376953
72.62999725341797
72.62000274658203
72.47000122070312
72.37999725341797
71.83999633789062
72.25
72.23999786376953
72.2300033569336
72.31999969482422
71.77999877929688
72.20999908447266
72.16000366210938
72.16000366210938
73.5999984741211
73.95999908447266
73.5199966430664
73.68000030517578
73.98999786376953
75.0999984741211
75.5
75.19000244140625
75.05999755859375
75.12000274658203
75.0199966430664
75.04000091552734
74.51000213623047
73.75
73.26000213623047
73.98999786376953
73.6500015258789
73.77999877929688
73.88999938964844
74.16000366210938
74.72000122070312
74.69999694824219
74.41000366210938
73.66000366210938
73.2300033569336
73.33999633789062
73.0199966430664
73.62000274658203
74.37999725341797
74.7300033569336
74.58000183105469
73.29000091552734
73.29000091552734
72.36000061035156
72.16000366210938
72.36000061035156
72.27999877929688
72.31999969482422
73.2300033569336
72.47000122070312
72.69999694824219
73.25
71.61000061035156
70.69999694824219
70.7699966430664
70.80999755859375
70.54000091552734
69.55000305175781
69.37000274658203
69.75
71.19000244140625
71.2699966430664
71.44999694824219
72.37999725341797
72.29000091552734
71.91000366210938
72.4800033569336
72.9000015258789
72.87999725341797
72.55999755859375
72.45999908447266
72.5999984741211
72.83000183105469
73.04000091552734
73.12999725341797
73.58999633789062
73.62000274658203
73.19999694824219
72.88999938964844
73.80000305175781
74.66000366210938
74.19999694824219
74.05999755859375
73.43000030517578
73.18000030517578
72.83000183105469
72.7699966430664
71.9800033569336
73.27999877929688
75.13999938964844
75.02999877929688
75.41000366210938
75.20999908447266
75.01000213623047
75.23999786376953
75.76000213623047
75.7699966430664
75.69000244140625
75.83000183105469
75.7699966430664
76.29000091552734
76.5
76.9000015258789
76.98999786376953
77.08000183105469
77.51000213623047
77.44000244140625
77.69999694824219
77.38999938964844
77.25
78
77.18000030517578
77.91000366210938
78.05000305175781
77.91000366210938
78.37999725341797
78.33999633789062
78.47000122070312
78.58000183105469
78.68000030517578
78.58999633789062
79.13999938964844
78.08999633789062
77.55999755859375
78.30999755859375
76.87000274658203
77.36000061035156
78.30999755859375
78.23999786376953
78.41999816894531
78.77999877929688
79.56999969482422
79.69000244140625
79.87999725341797
80.2699966430664
80.5
80.36000061035156
80.51000213623047
80.95999908447266
80.87000274658203
80.43000030517578
80.20999908447266
80.80999755859375
80.16000366210938
80.29000091552734
80.0199966430664
80.62000274658203
80.68000030517578
80.95999908447266
80.52999877929688
80.7699966430664
79.88999938964844
80.23999786376953
79.95999908447266
80.44999694824219
80.68000030517578
81.72000122070312
82.02999877929688
81.73999786376953
79.75
80.93000030517578
79.72000122070312
79.22000122070312
79.9800033569336
80.31999969482422
81.19000244140625
81.30999755859375
81.63999938964844
81.48999786376953
82.01000213623047
82.26000213623047
81.41999816894531
82.2699966430664
83.04000091552734
83.36000061035156
83.81999969482422
84.20999908447266
83.93000030517578
84.30000305175781
84.31999969482422
85.19000244140625
85.55999755859375
85.20999908447266
86.08000183105469
86.06999969482422
86.20999908447266
85.36000061035156
85.19999694824219
85.08999633789062
85.63999938964844
85.05999755859375
85.41000366210938
84.2699966430664
84.61000061035156
84.19999694824219
83.01000213623047
83.79000091552734
84.83000183105469
84.86000061035156
84
83.29000091552734
84.58000183105469
84.0999984741211
84.69000244140625
85.33000183105469
84.23999786376953
82.1500015258789
82.36000061035156
80.91999816894531
81.7300033569336
82.48999786376953
83.0999984741211
82.66999816894531
83.36000061035156
83.2699966430664
83.38999938964844
84.27999877929688
84.7300033569336
85.33000183105469
85.37000274658203
86.61000061035156
86.69000244140625
87.0199966430664
86.62999725341797
86.91000366210938
87.4000015258789
87.52999877929688
87.72000122070312
87.55999755859375
87.20999908447266
87.52999877929688
87.54000091552734
87.23999786376953
87.33000183105469
87.41999816894531
88.52999877929688
88.56999969482422
88.58000183105469
88
87.6500015258789
88.01000213623047
87.79000091552734
87.7300033569336
87.91999816894531
87.45999908447266
86.16000366210938
85.87999725341797
85.30000305175781
85.86000061035156
85.36000061035156
86.12000274658203
86.4800033569336
86.26000213623047
84.7300033569336
85.04000091552734
85.2699966430664
84.7699966430664
85.19999694824219
85.95999908447266
86.05999755859375
86.12999725341797
87.0999984741211
87.77999877929688
88.01000213623047
87.73999786376953
87.91999816894531
88.43000030517578
88.9000015258789
89.94000244140625
89.80000305175781
89.19999694824219
88.37000274658203
88.2300033569336
88.06999969482422
88.41000366210938
88.05999755859375
87.6500015258789
88.41000366210938
88.26000213623047
87.51000213623047
88.1500015258789
87.36000061035156
86.19999694824219
86.13999938964844
88.08000183105469
88.69999694824219
89.08999633789062
88.41000366210938
89.6500015258789
90.30999755859375
90.94999694824219
90.9000015258789
91.41999816894531
90.98999786376953
91.33999633789062
91.66999816894531
91.73999786376953
92.19999694824219
91.66000366210938
91.38999938964844
91.51000213623047
91.93000030517578
91.66000366210938
91.9000015258789
90.68000030517578
91.88999938964844
91.94999694824219
91.80999755859375
92.58999633789062
93.02999877929688
93.44000244140625
93
92.7300033569336
92.44000244140625
93.2699966430664
93.7300033569336
93.62999725341797
93.72000122070312
93.98999786376953
93.86000061035156
93.66000366210938
93.30000305175781
93.16999816894531
92.9000015258789
93.86000061035156
94.06999969482422
93.76000213623047
92.5999984741211
92.43000030517578
92.45999908447266
93.11000061035156
92.83000183105469
94.33000183105469
94.19999694824219
94.33000183105469
94.88999938964844
95.1500015258789
95.5999984741211
95.54000091552734
95.56999969482422
95.91999816894531
95.08000183105469
95.05999755859375
94.80999755859375
95.41999816894531
95.48999786376953
95.56999969482422
95.83999633789062
94.62999725341797
95.66999816894531
96.1500015258789
96.08000183105469
95.70999908447266
96.02999877929688
96.20999908447266
95.37999725341797
93.31999969482422
92.72000122070312
93.37000274658203
92.41000366210938
93.48999786376953
92.87999725341797
90.69999694824219
91.38999938964844
91.25
92.36000061035156
93.55000305175781
93.66000366210938
94.7300033569336
94.86000061035156
95.44000244140625
95.9000015258789
96.18000030517578
95.54000091552734
96.18000030517578
96.0999984741211
96.6500015258789
96.61000061035156
96.70999908447266
97.22000122070312
97.4000015258789
96.69000244140625
98.20999908447266
98.2300033569336
98.41000366210938
98.37999725341797
98.30999755859375
97.76000213623047
97.83000183105469
96.69999694824219
96.58000183105469
97.3499984741211
98.18000030517578
97.62000274658203
98.11000061035156
97.75
97.18000030517578
97.0999984741211
96.29000091552734
96.08999633789062
96.5199966430664
97.47000122070312
98.2300033569336
98.54000091552734
98.2699966430664
96.91999816894531
95.76000213623047
96.18000030517578
97.33000183105469
95.19000244140625
94.25
94.88999938964844
95.54000091552734
96.54000091552734
96.7300033569336
97.12000274658203
97.62000274658203
97.37000274658203
97.5
96.55000305175781
96.69000244140625
97.16999816894531
97.52999877929688
97.55999755859375
97.4800033569336
97.63999938964844
96.73999786376953
97.19000244140625
96.93000030517578
97.16999816894531
98.2699966430664
98.20999908447266
97.66999816894531
96.7699966430664
97.18000030517578
97.62999725341797
96.9000015258789
97.6500015258789
97.9800033569336
98.48999786376953
99.13999938964844
99.02999877929688
99.55999755859375
99.58000183105469
99.69999694824219
99.66000366210938
99.87000274658203
100.68000030517578
101.19999694824219
101.37000274658203
101.3499984741211
101.01000213623047
100.29000091552734
100.62000274658203
100.69999694824219
101.05999755859375
101.80999755859375
101.93000030517578
102.16999816894531
102.13999938964844
101.01000213623047
101.5199966430664
101.45999908447266
101.7300033569336
101.7699966430664
102.5
102.44000244140625
102.9800033569336
102.44000244140625
101.66000366210938
102.0999984741211
101.6500015258789
101.73999786376953
102.2300033569336
101.97000122070312
102.2300033569336
101.05000305175781
102.13999938964844
101.9000015258789
102.41999816894531
102.66000366210938
102.68000030517578
102.13999938964844
102.11000061035156
101.73999786376953
101.80999755859375
99.73999786376953
99.48999786376953
100.16999816894531
99.29000091552734
99.30999755859375
98.79000091552734
99.93000030517578
100.29000091552734
100.11000061035156
100.81999969482422
101.26000213623047
101.2699966430664
102.18000030517578
102.69000244140625
102.93000030517578
103.16000366210938
103.01000213623047
103.55000305175781
103.73999786376953
103.68000030517578
103.56999969482422
103.87999725341797
103.95999908447266
103.8499984741211
103.62999725341797
104.11000061035156
103.9000015258789
103.16999816894531
103.55999755859375
103.75
103.08000183105469
102.80999755859375
103.54000091552734
103.6500015258789
104.18000030517578
103.9800033569336
103.0199966430664
102.36000061035156
102.69000244140625
101.08000183105469
101.9000015258789
101.72000122070312
101.23999786376953
99.91000366210938
99.95999908447266
101.08000183105469
100.87999725341797
99.31999969482422
100.97000122070312
98.88999938964844
97.66000366210938
96.0999984741211
96.4000015258789
95.86000061035156
96.06999969482422
97.12000274658203
98.08999633789062
100.02999877929688
99.25
100.44999694824219
101.1500015258789
101.01000213623047
102.31999969482422
102.16999816894531
102.80000305175781
104.0199966430664
104.08000183105469
103.69999694824219
104.19000244140625
104.69999694824219
104.77999877929688
105.0999984741211
105.19999694824219
105.18000030517578
105.16000366210938
105.16999816894531
105.16000366210938
105.77999877929688
105.51000213623047
105.80999755859375
106.37000274658203
106.76000213623047
106.73999786376953
106.9800033569336
106.5999984741211
105.69999694824219
106.36000061035156
106.83999633789062
106.70999908447266
106.94999694824219
106.19000244140625
106.25
104.51000213623047
104.98999786376953
103.33999633789062
102.58999633789062
101.83000183105469
104.01000213623047
106.47000122070312
106.91000366210938
106.7699966430664
107.01000213623047
107.04000091552734
107.36000061035156
107.58999633789062
107.05999755859375
106
105.91999816894531
104.0999984741211
103.08000183105469
104.30999755859375
106.1500015258789
105.2699966430664
104.5199966430664
104.27999877929688
103.70999908447266
102.66000366210938
104.0199966430664
104.16999816894531
104.63999938964844
106.2300033569336
105.75
106.19000244140625
104.94999694824219
103.52999877929688
104.5199966430664
103.0999984741211
104.26000213623047
105.86000061035156
105.48999786376953
106.6500015258789
106.33000183105469
105.80000305175781
106.87999725341797
106.93000030517578
107.95999908447266
108.47000122070312
108.63999938964844
108.69999694824219
108.66999816894531
109.27999877929688
109.2699966430664
109.5199966430664
109.4800033569336
109.41000366210938
109.0199966430664
109.69000244140625
109.23999786376953
108.80000305175781
108.97000122070312
107.45999908447266
107.86000061035156
106.22000122070312
106.13999938964844
107.47000122070312
106.87000274658203
108.20999908447266
108
109.23999786376953
108.8499984741211
109.76000213623047
109.56999969482422
108.98999786376953
106.79000091552734
106.58000183105469
106.87000274658203
108.2300033569336
107.25
107.05000305175781
107.38999938964844
108.12999725341797
107.7699966430664
108.2300033569336
108.61000061035156
109.12000274658203
108.69000244140625
108.8499984741211
109.4000015258789
109.3499984741211
108.08000183105469
108.95999908447266
108.93000030517578
109.38999938964844
109.7300033569336
109.8499984741211
109.27999877929688
109.56999969482422
109.08999633789062
107.91000366210938
108.9000015258789
109.27999877929688
107.9800033569336
107.68000030517578
108.08999633789062
109.44999694824219
108.98999786376953
108.66999816894531
108.7300033569336
109.80999755859375
109.94000244140625
110.3499984741211
110.30000305175781
110.2300033569336
110.51000213623047
110.30000305175781
109.1500015258789
110.1500015258789
110.05000305175781
109.30999755859375
109.58000183105469
109.5
109.87999725341797
109
108.91000366210938
108.23999786376953
108.1500015258789
109.47000122070312
109.77999877929688
109.05999755859375
108.55999755859375
109.16000366210938
109.33999633789062
110.41999816894531
109.94000244140625
110.61000061035156
110.72000122070312
109.87999725341797
109.54000091552734
109.01000213623047
106.7300033569336
107.0199966430664
107.72000122070312
107.58000183105469
107.30000305175781
107.88999938964844
106.08999633789062
106.30999755859375
107.5999984741211
108.81999969482422
109.30999755859375
109.16999816894531
109.93000030517578
109.95999908447266
109.97000122070312
109.48999786376953
109.33000183105469
108.69999694824219
107.55999755859375
106.8499984741211
108.12000274658203
108.86000061035156
108.94999694824219
108.83999633789062
108.44999694824219
108.2699966430664
108.62999725341797
107.73999786376953
107.43000030517578
108.7699966430664
107.79000091552734
107.9000015258789
107.75
108.16000366210938
108.8499984741211
108.56999969482422
107.5999984741211
105.26000213623047
102.2300033569336
98.12000274658203
96.94999694824219
100.47000122070312
102.9000015258789
102.9800033569336
102.20999908447266
99.20999908447266
101.08000183105469
101.19999694824219
99.76000213623047
102.27999877929688
100.87999725341797
101.4000015258789
101.86000061035156
101.47000122070312
102.75
103.62000274658203
103.4800033569336
101.83999633789062
102.25
100.87999725341797
100.68000030517578
100.31999969482422
99.61000061035156
96.94000244140625
96.91999816894531
98.72000122070312
98.91999816894531
100.36000061035156
102.20999908447266
101.87999725341797
102.80000305175781
103.69000244140625
103.83000183105469
103.8499984741211
103.08999633789062
102.55999755859375
104.11000061035156
104.51000213623047
104.62999725341797
104.51000213623047
103.69000244140625
105.20999908447266
106.30999755859375
106.05999755859375
105.70999908447266
107.0999984741211
106.94000244140625
106.52999877929688
107.93000030517578
108.19999694824219
107.94000244140625
107.81999969482422
107.83999633789062
106.76000213623047
107
106.54000091552734
104.94999694824219
103.83999633789062
105.3499984741211
105.22000122070312
106.9000015258789
106.76000213623047
107.22000122070312
107.11000061035156
107.38999938964844
107.47000122070312
107.62999725341797
107.16999816894531
108.18000030517578
107.05000305175781
105.44999694824219
107.38999938964844
106.55000305175781
105.91000366210938
105
105.30999755859375
103.23999786376953
103.61000061035156
104.72000122070312
106.23999786376953
104.68000030517578
102.9000015258789
103.12999725341797
104.05999755859375
105.36000061035156
105.2300033569336
105
106.12000274658203
105.31999969482422
104.30000305175781
102.73999786376953
102.97000122070312
101.58999633789062
99.0999984741211
97.97000122070312
97.91000366210938
98.58000183105469
96.04000091552734
97.51000213623047
95.45999908447266
95.36000061035156
94.41999816894531
94.79000091552734
96.80999755859375
95.22000122070312
96.66999816894531
95.56999969482422
95.94999694824219
98.33000183105469
98.3499984741211
96.44999694824219
97.02999877929688
97.26000213623047
95.26000213623047
93.77999877929688
93.66000366210938
93.72000122070312
92.55999755859375
94.36000061035156
96.08000183105469
97.66999816894531
97.27999877929688
97.30000305175781
98.72000122070312
97.52999877929688
98.02999877929688
99.19000244140625
99.11000061035156
98.31999969482422
100.66000366210938
101.22000122070312
101.72000122070312
102.06999969482422
102.27999877929688
101.01000213623047
101.5
101.47000122070312
103.19000244140625
103.06999969482422
102.23999786376953
102.87999725341797
103.66999816894531
104.12999725341797
104.2300033569336
104.19999694824219
103.3499984741211
103.31999969482422
103.38999938964844
104.54000091552734
104.94000244140625
104.81999969482422
105.4800033569336
105.04000091552734
104.0199966430664
105.16000366210938
103.9000015258789
104.19999694824219
103.91000366210938
104.91999816894531
106.1500015258789
106.11000061035156
106.05999755859375
106.7699966430664
107.06999969482422
107.18000030517578
106.6500015258789
106.80000305175781
106.54000091552734
106.83000183105469
107.08999633789062
106.12999725341797
105.51000213623047
106.33000183105469
105.26000213623047
104.63999938964844
104.5999984741211
104.9800033569336
105.08999633789062
106.33999633789062
105.37000274658203
105.33000183105469
104.41999816894531
105.45999908447266
104.51000213623047
104.5
104.08999633789062
104.88999938964844
104.76000213623047
106.16000366210938
106.93000030517578
106.91000366210938
107.38999938964844
107.33999633789062
107.62999725341797
107.98999786376953
107.69000244140625
108.25
108.45999908447266
108.83999633789062
108.62000274658203
107.5
106.61000061035156
105.94999694824219
105.83999633789062
106.1500015258789
105.80000305175781
106.5199966430664
106.75
106.51000213623047
107.9800033569336
104.05000305175781
101.9800033569336
103.8499984741211
105.70999908447266
107.16000366210938
107.37000274658203
106.56999969482422
107.22000122070312
107.16999816894531
108.83999633789062
109.29000091552734
110.19999694824219
110.13999938964844
110.66999816894531
110.55000305175781
110.86000061035156
110.63999938964844
111.2300033569336
110.79000091552734
111.31999969482422
111.02999877929688
111.1500015258789
111.0199966430664
111.16000366210938
111.41999816894531
111.2699966430664
110.43000030517578
110.83999633789062
110.97000122070312
111.88999938964844
111.81999969482422
111.91999816894531
111.58999633789062
112.1500015258789
112.04000091552734
112.44999694824219
111.80999755859375
111.94999694824219
112.30000305175781
112.13999938964844
112.16999816894531
112.47000122070312
111.83999633789062
111.7699966430664
111.54000091552734
112.1500015258789
111.97000122070312
111.6500015258789
111.70999908447266
112.27999877929688
112.5999984741211
112.75
112.45999908447266
109.66000366210938
111.19000244140625
108.91999816894531
108.93000030517578
110.05000305175781
109.61000061035156
109.7699966430664
109.72000122070312
110.9800033569336
111.79000091552734
111.1500015258789
110.2699966430664
110.9000015258789
111.55000305175781
110.45999908447266
111.33000183105469
110.98999786376953
110.48999786376953
110.91999816894531
110.95999908447266
110.54000091552734
111.13999938964844
109.66000366210938
109.79000091552734
109.4000015258789
109.37000274658203
109.05999755859375
109.69999694824219
110.05000305175781
109.83999633789062
109.80000305175781
110.3499984741211
109.87999725341797
109.55000305175781
109.18000030517578
108.81999969482422
108.88999938964844
108.08000183105469
107.33000183105469
106.86000061035156
106.79000091552734
109.1500015258789
109.62000274658203
110.9800033569336
111.37000274658203
111.41000366210938
111.69999694824219
112.56999969482422
112.41000366210938
112.9800033569336
112.7699966430664
113.62000274658203
113.94999694824219
114.11000061035156
114.55000305175781
113.88999938964844
114.05000305175781
113.77999877929688
113.30999755859375
113.30999755859375
114.0999984741211
114.68000030517578
116.0999984741211
116.5199966430664
117.1500015258789
116.8499984741211
117.52999877929688
116.47000122070312
116.94999694824219
116.7699966430664
117.0999984741211
116.87000274658203
116.54000091552734
116.23999786376953
116.41999816894531
116.70999908447266
115.73999786376953
115.75
115.31999969482422
116.19999694824219
117.08999633789062
116.86000061035156
117.2300033569336
116.77999877929688
116.87000274658203
117.23999786376953
116.93000030517578
117.22000122070312
116.69999694824219
116.97000122070312
116.51000213623047
116.91000366210938
116.5999984741211
117.51000213623047
118.5199966430664
118.3499984741211
118.16000366210938
117.36000061035156
117.45999908447266
117.44999694824219
117.52999877929688
118.41999816894531
118.13999938964844
118.12999725341797
118.26000213623047
119.04000091552734
119.54000091552734
120.13999938964844
120.58000183105469
121.23999786376953
121.12999725341797
121.30999755859375
122.02999877929688
121.87000274658203
121.77999877929688
121.9800033569336
122.25
121.80000305175781
123.44000244140625
122.6500015258789
122.75
122.2699966430664
121.87999725341797
121.54000091552734
121.5999984741211
122.04000091552734
122.12999725341797
121.69000244140625
122.79000091552734
122.63999938964844
122.56999969482422
122.27999877929688
120.56999969482422
120.7300033569336
120.69000244140625
120.16000366210938
120.0199966430664
120.86000061035156
121.08000183105469
121.52999877929688
121.31999969482422
121.0199966430664
121.08000183105469
120.58999633789062
120.97000122070312
120.87999725341797
121.02999877929688
120.98999786376953
120.37000274658203
119.55000305175781
120.58999633789062
120.33000183105469
120.2300033569336
121.22000122070312
120.83000183105469
122.11000061035156
122.87000274658203
122.9000015258789
123.0199966430664
122.61000061035156
122.93000030517578
122.93000030517578
122.62999725341797
122.72000122070312
123.33000183105469
123.13999938964844
123.0999984741211
123.37000274658203
123.01000213623047
122.7699966430664
123.43000030517578
123.36000061035156
121.13999938964844
121.5
122.37000274658203
123.0199966430664
123.2300033569336
123.58999633789062
124.11000061035156
124.08999633789062
123.88999938964844
123.8499984741211
125
125.41000366210938
125.25
124.93000030517578
125.06999969482422
125.29000091552734
125.19000244140625
125.16999816894531
125.79000091552734
125.61000061035156
125.33000183105469
125.25
126.2699966430664
125.41000366210938
124.69000244140625
124.73999786376953
125.05000305175781
125.13999938964844
124.11000061035156
125.27999877929688
124.27999877929688
124.44999694824219
124.75
124.88999938964844
123.66000366210938
124.5199966430664
124.61000061035156
124.58000183105469
125.47000122070312
125.66999816894531
126.2300033569336
126.2300033569336
126.30999755859375
127.04000091552734
127.12000274658203
126.94999694824219
126.95999908447266
127.37999725341797
127.29000091552734
127.06999969482422
126.86000061035156
126.79000091552734
127.05000305175781
126.93000030517578
126.63999938964844
126.91000366210938
127.16000366210938
126.80999755859375
126.66999816894531
124.80999755859375
125.04000091552734
126.31999969482422
126.19999694824219
126.43000030517578
124.41999816894531
124.20999908447266
124.38999938964844
125.63999938964844
125.26000213623047
125.05999755859375
125.36000061035156
125.41000366210938
125.45999908447266
126.12000274658203
126.9800033569336
127.2699966430664
126.29000091552734
126.63999938964844
126.58000183105469
126.48999786376953
127.8499984741211
128.33999633789062
128.39999389648438
128.36000061035156
128.60000610351562
128.91000366210938
128.97000122070312
129.17999267578125
128.82000732421875
128.3699951171875
128.16000366210938
128.19000244140625
128.88999938964844
129.10000610351562
129.52000427246094
130.1999969482422
130.4600067138672
130.58999633789062
131.27999877929688
131.19000244140625
130.92999267578125
131.24000549316406
131.4199981689453
131.25999450683594
131.36000061035156
131.4499969482422
131.50999450683594
131.67999267578125
131.7100067138672
132.4199981689453
131.86000061035156
132.08999633789062
131.39999389648438
131.57000732421875
132.63999938964844
132.05999755859375
132.3300018310547
132.44000244140625
132.47000122070312
132.82000732421875
133.07000732421875
132.83999633789062
133.05999755859375
132.52000427246094
132.5399932861328
132.61000061035156
132.3699951171875
131.69000244140625
132.88999938964844
132.63999938964844
132.97999572753906
133.89999389648438
133.8000030517578
134.11000061035156
133.97000122070312
135.3000030517578
135.3000030517578
136.33999633789062
136.07000732421875
135.88999938964844
135.30999755859375
135.22999572753906
135.77000427246094
136.47999572753906
136.8000030517578
136.9499969482422
136.97000122070312
136.3300018310547
137.5500030517578
138.5
137.94000244140625
137.92999267578125
137.57000732421875
137.52000427246094
137.41000366210938
137.4600067138672
137.75999450683594
137.25
138.22000122070312
139.02000427246094
139.5500030517578
140.3699951171875
140.69000244140625
140.9499969482422
140.72999572753906
141.9199981689453
142.75
142.1199951171875
143.42999267578125
143.17999267578125
143.9199981689453
145.05999755859375
145.4199981689453
145.27999877929688
145.33999633789062
146.86000061035156
145.89999389648438
144.3800048828125
144.42999267578125
144.3699951171875
141.3000030517578
135.74000549316406
137.9600067138672
137.35000610351562
132.41000366210938
134.22999572753906
136.02000427246094
136.4499969482422
138.36000061035156
140.0500030517578
140.11000061035156
139.27000427246094
138.6199951171875
138.7100067138672
140.86000061035156
142.33999633789062
140.5500030517578
139
137.35000610351562
138.24000549316406
139.8000030517578
140.30999755859375
140.42999267578125
140.9600067138672
143.3000030517578
143.22000122070312
142.3300018310547
141.61000061035156
141.4199981689453
141.66000366210938
139.83999633789062
140.0500030517578
139.92999267578125
135.9499969482422
133.10000610351562
136.61000061035156
134.19000244140625
133.8800048828125
135.72000122070312
132.6300048828125
134.27999877929688
135.7899932861328
136.74000549316406
133.8699951171875
134.32000732421875
136.5
135.8699951171875
136.97000122070312
136.5800018310547
137.72000122070312
139.1699981689453
139.36000061035156
138.60000610351562
137.5
137.4499969482422
135.8000030517578
135.9499969482422
137.24000549316406
137.3300018310547
136.3300018310547
136.5399932861328
135.75
135.3800048828125
137.1300048828125
137.72999572753906
137.77999877929688
139.0800018310547
140.2899932861328
140.57000732421875
140.63999938964844
139.7899932861328
140.47000122070312
140.50999450683594
140.1999969482422
141.25
140.72999572753906
141.10000610351562
140.8699951171875
140.60000610351562
139.2100067138672
141.00999450683594
140.0399932861328
141.5
142.16000366210938
142.3699951171875
143.6300048828125
143.4199981689453
143.91000366210938
144.1199951171875
144.4199981689453
143.8800048828125
144.2899932861328
144.14999389648438
143.99000549316406
143.50999450683594
143.83999633789062
142.85000610351562
142.4499969482422
140.4499969482422
140.77000427246094
139.4600067138672
140.3300018310547
140.42999267578125
140.77000427246094
140.41000366210938
141.60000610351562
142.7899932861328
144.08999633789062
144.4600067138672
143.42999267578125
144.61000061035156
144.6999969482422
144.47000122070312
145.1300048828125
145.4499969482422
145.10000610351562
144.83999633789062
145.07000732421875
145.38999938964844
146.6300048828125
146.38999938964844
145.22000122070312
144.27000427246094
145.08999633789062
144.9199981689453
145.77999877929688
146.27000427246094
146.92999267578125
147.41000366210938
147.27000427246094
147.1699981689453
146.25
145.69000244140625
146.64999389648438
145.49000549316406
146.6300048828125
147.1699981689453
147.4499969482422
148
148.0500030517578
147.75999450683594
148.67999267578125
149.75
149.83999633789062
150.6300048828125
150.00999450683594
150.07000732421875
149.86000061035156
149.3699951171875
148.9199981689453
148.5800018310547
148.89999389648438
149.39999389648438
149.41000366210938
150.16000366210938
150.27999877929688
149.3300018310547
150.1300048828125
150.14999389648438
151.30999755859375
151.16000366210938
150.61000061035156
150.52999877929688
149.9499969482422
150.3000030517578
149.64999389648438
149.8800048828125
149.66000366210938
149.86000061035156
148.58999633789062
147.6300048828125
147.52000427246094
147.25999450683594
142.57000732421875
139.52999877929688
141.3699951171875
140.74000549316406
143.83999633789062
143.8000030517578
141.72000122070312
141.35000610351562
140.7899932861328
139.9600067138672
135.61000061035156
138.16000366210938
135.77000427246094
135.02000427246094
137.1300048828125
138.55999755859375
140.1300048828125
139.55999755859375
140.24000549316406
141.0399932861328
143.9199981689453
143.63999938964844
142.1699981689453
139.44000244140625
139.24000549316406
138.22000122070312
139.77999877929688
140.0800018310547
137.64999389648438
135.1999969482422
135.86000061035156
135.1300048828125
137.22999572753906
137.39999389648438
140.60000610351562
140.33999633789062
141.35000610351562
143
138.3300018310547
138.16000366210938
134.89999389648438
135.0500030517578
135.02000427246094
135.7899932861328
135.4600067138672
133.1199951171875
130.27999877929688
130.24000549316406
128.24000549316406
126.16999816894531
123.48999786376953
119.69999694824219
125.45999908447266
126.58999633789062
126.43000030517578
127.62999725341797
127.7300033569336
124.7699966430664
128.89999389648438
130.1999969482422
131.5399932861328
132.16000366210938
132.80999755859375
132.83999633789062
132
133.44000244140625
133.82000732421875
134.89999389648438
136.64999389648438
134.77999877929688
134.9199981689453
135.1999969482422
136.47000122070312
135.47000122070312
135.27999877929688
137.32000732421875
138.52999877929688
138.72999572753906
139.72000122070312
140.3000030517578
140.16000366210938
138.8300018310547
138.97000122070312
139.25999450683594
141
141.44000244140625
141.19000244140625
142.74000549316406
143.02000427246094
143.32000732421875
142.8300018310547
143.77000427246094
143.97999572753906
143.7100067138672
143.75999450683594
143.4600067138672
144.4199981689453
143.75
143.47999572753906
142.38999938964844
141.27999877929688
140.99000549316406
143.05999755859375
143.5399932861328
144.4600067138672
144.33999633789062
145.00999450683594
145.5500030517578
145.52000427246094
144.9199981689453
146.6199951171875
143.55999755859375
142.69000244140625
143.7899932861328
143.1300048828125
143.75999450683594
144.7100067138672
146.38999938964844
146.3800048828125
146.72999572753906
147.0399932861328
147.77999877929688
147.91000366210938
147.02000427246094
147.6999969482422
147.69000244140625
148.67999267578125
148.55999755859375
148.60000610351562
148.0500030517578
148.27000427246094
148.30999755859375
149.8000030517578
149.60000610351562
149.35000610351562
150.16000366210938
150.3800048828125
150.38999938964844
149.27000427246094
149.02000427246094
150.6300048828125
150.14999389648438
147.55999755859375
147.32000732421875
146.85000610351562
147.52999877929688
143.8000030517578
145.10000610351562
145.9600067138672
147.27999877929688
146.24000549316406
145.1999969482422
146.6199951171875
146.08999633789062
144.22999572753906
144.5800018310547
143.30999755859375
142.3300018310547
142.61000061035156
140.69000244140625
140.41000366210938
143.55999755859375
144.66000366210938
145.47000122070312
146.7899932861328
147.61000061035156
147.47000122070312
147.27000427246094
147.9499969482422
147.6300048828125
147.19000244140625
148.8000030517578
149.30999755859375
150.67999267578125
150.6999969482422
149.86000061035156
148.44000244140625
148.16000366210938
149.0500030517578
150.08999633789062
151.14999389648438
151.5
152.63999938964844
152.5500030517578
151.72999572753906
152
152.6199951171875
152.8300018310547
153.61000061035156
153.50999450683594
153.1199951171875
152.11000061035156
152.6699981689453
151.8000030517578
152.16000366210938
153.17999267578125
154.1199951171875
153.3000030517578
154.41000366210938
154.0399932861328
153.88999938964844
152.2100067138672
150.8000030517578
149.5800018310547
145.13999938964844
147.02999877929688
147.19000244140625
149.99000549316406
148.9199981689453
147.0800018310547
149.17999267578125
144.8699951171875
145.13999938964844
147.33999633789062
149.08999633789062
147.9499969482422
149.1999969482422
149.07000732421875
145.30999755859375
146.77999877929688
146.10000610351562
147.13999938964844
149.08999633789062
149.0399932861328
148.07000732421875
149.64999389648438
151.64999389648438
151.67999267578125
151.77000427246094
151.9199981689453
153.16000366210938
153.6199951171875
153.47000122070312
152.4600067138672
152.8300018310547
152.80999755859375
152.7100067138672
152.0399932861328
152.1199951171875
150.7100067138672
151.66000366210938
151.1999969482422
150.3000030517578
151
149.02999877929688
146.61000061035156
147.8000030517578
149.72999572753906
149.13999938964844
146.72999572753906
148.0800018310547
149.02999877929688
150.6300048828125
150.49000549316406
151.97000122070312
151.69000244140625
152.19000244140625
151.5800018310547
152.57000732421875
152.11000061035156
152.4199981689453
152.83999633789062
153.4499969482422
154.3800048828125
154.35000610351562
154.72000122070312
154.17999267578125
155.8300018310547
156.39999389648438
156.25999450683594
156.19000244140625
156.72000122070312
157.16000366210938
156.85000610351562
157.1199951171875
157.19000244140625
157.35000610351562
158.5500030517578
158.63999938964844
158.69000244140625
158.19000244140625
157.7899932861328
158.13999938964844
159.63999938964844
159.97999572753906
160.74000549316406
160.02000427246094
158.57000732421875
157.6300048828125
158.64999389648438
158.8800048828125
160.2899932861328
159.77999877929688
159.63999938964844
160.02000427246094
161.3300018310547
161.3300018310547
162.50999450683594
162.57000732421875
162.63999938964844
163.35000610351562
164.19000244140625
164.2899932861328
163.44000244140625
164.22999572753906
164.0800018310547
163.19000244140625
163.6199951171875
164.97999572753906
163.92999267578125
164.49000549316406
164.10000610351562
164.91000366210938
165.94000244140625
165.4600067138672
166.58999633789062
166.5
166.91000366210938
168.33999633789062
168.75999450683594
168.39999389648438
168.5
168.69000244140625
167.08999633789062
164.5800018310547
166.1699981689453
166.05999755859375
166.4600067138672
163.52000427246094
164.9600067138672
167.55999755859375
169.2100067138672
169.67999267578125
168.7100067138672
169.9499969482422
170.4199981689453
171.49000549316406
171.4199981689453
171.6999969482422
171.3000030517578
172.1699981689453
171.64999389648438
169.88999938964844
164.3000030517578
159.27999877929688
158.39999389648438
151.4600067138672
150.44000244140625
156.6699981689453
152.6300048828125
158.72999572753906
153.44000244140625
150.58999633789062
138.5
145.3699951171875
138.00999450683594
124.58999633789062
135.92999267578125
120.45999908447266
126.5
119.20999908447266
120.08999633789062
115.19000244140625
111.91000366210938
122.52999877929688
124.22000122070312
131.11000061035156
126.93000030517578
130.77999877929688
128.91000366210938
122.95999908447266
125.5199966430664
123.37999725341797
132.00999450683594
132.16000366210938
136.8000030517578
139.36000061035156
137.6999969482422
141.8800048828125
138.5500030517578
139.1999969482422
143.13999938964844
140.82000732421875
136.4499969482422
139.52999877929688
139.5500030517578
141.6300048828125
144.13999938964844
143.69000244140625
147.75999450683594
145.83999633789062
141.80999755859375
142.35000610351562
143.6699981689453
142.8800048828125
144.75
147.47000122070312
147.49000549316406
144.35000610351562
141.4499969482422
142.97000122070312
143.8300018310547
148.60000610351562
147.02000427246094
149.74000549316406
148.83999633789062
149.25999450683594
151.33999633789062
153.72999572753906
153.1999969482422
153.7100067138672
154.75
155.9199981689453
158.35000610351562
157.85000610351562
161.89999389648438
164.10000610351562
162.60000610351562
161.38999938964844
151.8699951171875
153.97000122070312
155.6199951171875
158.61000061035156
157.83999633789062
157.97000122070312
157.0800018310547
158.1699981689453
158.7899932861328
154.47999572753906
155.63999938964844
152.02000427246094
154.25
156.52999877929688
157.44000244140625
158.07000732421875
160.55999755859375
158.92999267578125
160.22999572753906
159.24000549316406
160.9499969482422
159.2100067138672
161.3000030517578
163.3000030517578
162.57000732421875
163.19000244140625
164.44000244140625
164.91000366210938
165.77000427246094
163.9600067138672
162.69000244140625
164.08999633789062
162.88999938964844
165.0500030517578
164.67999267578125
165.52000427246094
166.9600067138672
167.6199951171875
168.83999633789062
169.66000366210938
169.8000030517578
170.27000427246094
168.89999389648438
171.16000366210938
171.02999877929688
170.97999572753906
171.7100067138672
171.97000122070312
171.3000030517578
171.7899932861328
172.22000122070312
173.8699951171875
174.4499969482422
176.02999877929688
176.4499969482422
177.67999267578125
177.27999877929688
178.85000610351562
181.24000549316406
174.94000244140625
173.4499969482422
168.5800018310547
171.8800048828125
169.05999755859375
169.1199951171875
171.75999450683594
172.74000549316406
172.1699981689453
170.75
169.08999633789062
167.0500030517578
168.7100067138672
164.63999938964844
164.99000549316406
166.9600067138672
169.99000549316406
169.0399932861328
170.30999755859375
171.72999572753906
170.38999938964844
173.4600067138672
171.32000732421875
174.30999755859375
175.83999633789062
177.32000732421875
179.9499969482422
179
177.80999755859375
177.8699951171875
177.5500030517578
175.00999450683594
175.6199951171875
175.02000427246094
176.25999450683594
176.83999633789062
173.6300048828125
172.92999267578125
167.1999969482422
168.77999877929688
166.99000549316406
168.72999572753906
171.97000122070312
175.72000122070312
179.35000610351562
179.25999450683594
181.38999938964844
181.08999633789062
182.55999755859375
180.75999450683594
183.32000732421875
185.55999755859375
185.13999938964844
183.17999267578125
184.1999969482422
183.22999572753906
184.72999572753906
187.58999633789062
187.52000427246094
188.17999267578125
186.6999969482422
189.07000732421875
189.22999572753906
189.61000061035156
191.50999450683594
191.3000030517578
192.1300048828125
190.24000549316406
190.52000427246094
190.17999267578125
189.63999938964844
192.24000549316406
192.50999450683594
194.02000427246094
193.47000122070312
192.91000366210938
192.9499969482422
193.27999877929688
192.82000732421875
194.0399932861328
193.22999572753906
193.75
194.63999938964844
191.8699951171875
193.4199981689453
195.16000366210938
198.2899932861328
199.25
198.05999755859375
198.75999450683594
198.97999572753906
198.7899932861328
197.05999755859375
198.86000061035156
201.3699951171875
201.22000122070312
200.88999938964844
201.4600067138672
200.72999572753906
195.91000366210938
197.4499969482422
193.99000549316406
197.3000030517578
200.1300048828125
200.42999267578125
202.97000122070312
204.11000061035156
205.94000244140625
206.02000427246094
205.92999267578125
206.4199981689453
207.49000549316406
207.1199951171875
206.69000244140625
205.5
205.97000122070312
204.00999450683594
203.97999572753906
206.27000427246094
200.8800048828125
200.0800018310547
205.22000122070312
203.2899932861328
200.36000061035156
197.19000244140625
200.75
199.77000427246094
202.8699951171875
204.32000732421875
206.99000549316406
207.39999389648438
208.85000610351562
208.00999450683594
208.8000030517578
205
205.25999450683594
206.3699951171875
204.02000427246094
202.3300018310547
203.14999389648438
206.47000122070312
205.5
205.44000244140625
206.69000244140625
209.27999877929688
211.72000122070312
211.8000030517578
211.6199951171875
212.85000610351562
214.13999938964844
214.1999969482422
214.8000030517578
214.32000732421875
216.60000610351562
217.14999389648438
215.72999572753906
213.75
216.3000030517578
214.61000061035156
217.2100067138672
218
217.89999389648438
217.8699951171875
218.6999969482422
217.10000610351562
217.47999572753906
215.85000610351562
215.80999755859375
216.91000366210938
218.75
216.17999267578125
214.44000244140625
209.61000061035156
211.9199981689453
215.5399932861328
215.0800018310547
213.39999389648438
212.77999877929688
215.08999633789062
214.97000122070312
217.13999938964844
216.5399932861328
217.32000732421875
217.72000122070312
218.08999633789062
218.17999267578125
218.47000122070312
217.5
219.38999938964844
219.57000732421875
220.02000427246094
219.39999389648438
220.3699951171875
221.02000427246094
221.36000061035156
220.77999877929688
219.67999267578125
219.47000122070312
216.75
219.74000549316406
220.99000549316406
220.89999389648438
221.72000122070312
222.5500030517578
222.8000030517578
222.80999755859375
222.82000732421875
224.02999877929688
225.27000427246094
224.77999877929688
225.0800018310547
223.17999267578125
225.8800048828125
226.50999450683594
225.25
224.94000244140625
224.14999389648438
222.38999938964844
219.22999572753906
223.02000427246094
225.02000427246094
225.2100067138672
227.4600067138672
227.9199981689453
226.69000244140625
227.0399932861328
228.0399932861328
226.69000244140625
226.3699951171875
227.99000549316406
226.97000122070312
228.58999633789062
228.8699951171875
228.77999877929688
228.92999267578125
229.3800048828125
230.02000427246094
230.14999389648438
230.24000549316406
228.52999877929688
226.25
226.0800018310547
228.11000061035156
230.32000732421875
231.13999938964844
231.8000030517578
230.25
232.72999572753906
233.61000061035156
233.1699981689453
233.5800018310547
234.3699951171875
234.2899932861328
233.27999877929688
232.72999572753906
231.9199981689453
230.0800018310547
230.60000610351562
229.2100067138672
231.10000610351562
230.88999938964844
229.0399932861328
225.07000732421875
225.0500030517578
227.32000732421875
230.08999633789062
229.63999938964844
229.13999938964844
224.33999633789062
224.49000549316406
222.05999755859375
225.1199951171875
221.72999572753906
223.8000030517578
224.72999572753906
226.88999938964844
226.38999938964844
224.75999450683594
224.60000610351562
225.6199951171875
229.3699951171875
230.72999572753906
231.57000732421875
233.25999450683594
234.1699981689453
234.80999755859375
234.36000061035156
235.8000030517578
235.7100067138672
234.10000610351562
236.60000610351562
236.91000366210938
238.08999633789062
238.8300018310547
240.52000427246094
241.42999267578125
242.36000061035156
242.75999450683594
242.05999755859375
239.67999267578125
239.97000122070312
241.75
241.75
242.7899932861328
241.7899932861328
242.1699981689453
241.47999572753906
240.32000732421875
240.39999389648438
241.2100067138672
235.99000549316406
238.2100067138672
233.4499969482422
230.16000366210938
233.89999389648438
231.19000244140625
234.16000366210938
239.1699981689453
240.1999969482422
237.91000366210938
239.52999877929688
237.35000610351562
235.57000732421875
239.1999969482422
236.52000427246094
235.44000244140625
232.1300048828125
236.67999267578125
239.02000427246094
240.6699981689453
242.9600067138672
242.4600067138672
242.60000610351562
242.2100067138672
241.44000244140625
242.97000122070312
242.50999450683594
237.25
237.19000244140625
236.11000061035156
235.6999969482422
238.0500030517578
238.4199981689453
234.92999267578125
235.02000427246094
230.4499969482422
228.02999877929688
225.3699951171875
220.91000366210938
222.3300018310547
219.22000122070312
218.3699951171875
216.75
222.08999633789062
226.80999755859375
228.5399932861328
230.0500030517578
224.5800018310547
226.07000732421875
225.5
227.57000732421875
231.27000427246094
227.35000610351562
222.94000244140625
222.1199951171875
226.07000732421875
226.27999877929688
221.13999938964844
219.3699951171875
216.85000610351562
212.86000061035156
216.58999633789062
221.41000366210938
221.1699981689453
217.72000122070312
221.85000610351562
220.16000366210938
217.9600067138672
211.24000549316406
210.0500030517578
215.8800048828125
214.91000366210938
211.99000549316406
209.89999389648438
214.27999877929688
219.63999938964844
222.5800018310547
225.17999267578125
224.97000122070312
227.72999572753906
223.92999267578125
227.1199951171875
228.08999633789062
229.57000732421875
233.0500030517578
231.16000366210938
227.6699981689453
228.5800018310547
230.52000427246094
227.14999389648438
224.5399932861328
225.38999938964844
224.69000244140625
221.17999267578125
220.5
223.38999938964844
220.6699981689453
220.2899932861328
224.1699981689453
223.8800048828125
220.22000122070312
214.22000122070312
215.38999938964844
209.25
209.66000366210938
214.77000427246094
206.8800048828125
208.44000244140625
209.42999267578125
215.57000732421875
207.6199951171875
205.9499969482422
198.64999389648438
199.0500030517578
195.4499969482422
195.66000366210938
200.89999389648438
199.91000366210938
204.17999267578125
196.19000244140625
195.32000732421875
195.32000732421875
198.66000366210938
196.6699981689453
198.86000061035156
202.92999267578125
208.07000732421875
206.36000061035156
205
209.17999267578125
205.83999633789062
206.4499969482422
208.69000244140625
206.35000610351562
201.41000366210938
195.42999267578125
187.4499969482422
186.9199981689453
189.63999938964844
183.02000427246094
183.7100067138672
188.16000366210938
188.1300048828125
189.0800018310547
195.19000244140625
194.58999633789062
190.5800018310547
190.25999450683594
188.6199951171875
190.61000061035156
191.2899932861328
191.6699981689453
194.8300018310547
194.6300048828125
192.1699981689453
190.50999450683594
189.67999267578125
188.83999633789062
192.50999450683594
191.17999267578125
196.52000427246094
198.11000061035156
200.07000732421875
197.89999389648438
198.1699981689453
195.72000122070312
200.86000061035156
203.47999572753906
206.25
205.77000427246094
204.66000366210938
207.9499969482422
207.75
207.67999267578125
207.8699951171875
206.55999755859375
211.27000427246094
211.27999877929688
214.94000244140625
215.77999877929688
216.24000549316406
214.3000030517578
214.86000061035156
211.7899932861328
207.25999450683594
206.8699951171875
207.74000549316406
210.75
203.77000427246094
202.27999877929688
200.02999877929688
198.55999755859375
198.67999267578125
196.7100067138672
195.91000366210938
199.52999877929688
201.11000061035156
204.4499969482422
206.64999389648438
197.77000427246094
198.5399932861328
196.4199981689453
194.6300048828125
196.00999450683594
193.72999572753906
190.4199981689453
188.2899932861328
184.25999450683594
182.24000549316406
181.97000122070312
185.8000030517578
181.94000244140625
179.47000122070312
184.02999877929688
189.94000244140625
189.5800018310547
187.77000427246094
182.39999389648438
180.9499969482422
179.7899932861328
179.3000030517578
183.75
179.4199981689453
184.2100067138672
186.4600067138672
184.8699951171875
183.27000427246094
187.49000549316406
189.50999450683594
192.94000244140625
191.75
190.85000610351562
195.2899932861328
194.02999877929688
193.42999267578125
188.33999633789062
186.5399932861328
188.94000244140625
190.66000366210938
191.66000366210938
187.52999877929688
198.13999938964844
200.16000366210938
198.35000610351562
200.36000061035156
198.32000732421875
197.49000549316406
198.4199981689453
197.5800018310547
200.1699981689453
201.38999938964844
201.5399932861328
198.27000427246094
197.9600067138672
204.05999755859375
204.17999267578125
203.99000549316406
199.97999572753906
196.97999572753906
196.66000366210938
198.36000061035156
196.6999969482422
199.52999877929688
201.02000427246094
199.89999389648438
194.9199981689453
192.69000244140625
190.75
191.14999389648438
194.0399932861328
190.3699951171875
191.4199981689453
190.6199951171875
188.22000122070312
191.67999267578125
191.19000244140625
190.41000366210938
192.10000610351562
189.85000610351562
194.0399932861328
194.1199951171875
195.64999389648438
198.22999572753906
199.19000244140625
200.0399932861328
199.77000427246094
196.6199951171875
195.02000427246094
198.75999450683594
201.27999877929688
200.9499969482422
201.0500030517578
203.1199951171875
203.94000244140625
201.2100067138672
204.42999267578125
206.9199981689453
210.00999450683594
207.83999633789062
206.27999877929688
208.8800048828125
206.64999389648438
204.63999938964844
205.00999450683594
207.4499969482422
207.52999877929688
208.4600067138672
205.67999267578125
205.0800018310547
200.8300018310547
200.66000366210938
201.72999572753906
199.47999572753906
200.19000244140625
199.52000427246094
200
200.30999755859375
203.57000732421875
203.3000030517578
200.27000427246094
200.52999877929688
196.57000732421875
193.25999450683594
192.4600067138672
195.88999938964844
194.3800048828125
197.74000549316406
195.19000244140625
196.88999938964844
199.6999969482422
196.1300048828125
195.6999969482422
196.92999267578125
197.42999267578125
197.14999389648438
199.99000549316406
201.07000732421875
204.10000610351562
204.63999938964844
203.27000427246094
202.52999877929688
203.1999969482422
203.66000366210938
203.8699951171875
203.00999450683594
205.64999389648438
205.0800018310547
205.89999389648438
206
206.10000610351562
204.82000732421875
205
205.0800018310547
201.66000366210938
200.75
204.52000427246094
206.3000030517578
206.1999969482422
203.67999267578125
202.49000549316406
200.97999572753906
204.69000244140625
204.91000366210938
204.07000732421875
204.97000122070312
204.6999969482422
204.22000122070312
205.08999633789062
203.5
206.13999938964844
208.19000244140625
207.69000244140625
208.0500030517578
205.85000610351562
204.25999450683594
205.64999389648438
208.36000061035156
208.42999267578125
207.17999267578125
209.25
212.7100067138672
212.14999389648438
213.1199951171875
212.6999969482422
213.6999969482422
213.92999267578125
215.85000610351562
217.44000244140625
217.44000244140625
220.08999633789062
219.25999450683594
218.17999267578125
216.97999572753906
217.55999755859375
214.94000244140625
214.19000244140625
216.8000030517578
216.97999572753906
218.02000427246094
220.27999877929688
220.94000244140625
220.27000427246094
218.30999755859375
218.0399932861328
218.99000549316406
220.7100067138672
222.39999389648438
224.27999877929688
223.9499969482422
224.8000030517578
226.58999633789062
227.17999267578125
225.5399932861328
225.52000427246094
226.32000732421875
226.88999938964844
227.05999755859375
225.30999755859375
227.66000366210938
228.35000610351562
227.72999572753906
224.5
223.85000610351562
222.89999389648438
224.61000061035156
223.57000732421875
221.97000122070312
222.00999450683594
221.8000030517578
222.89999389648438
220.3699951171875
218.5500030517578
216.75999450683594
217.00999450683594
218.25999450683594
217.67999267578125
220.05999755859375
217.11000061035156
218.58999633789062
219.99000549316406
223.19000244140625
224.17999267578125
223.94000244140625
224.67999267578125
223.33999633789062
221.94000244140625
221.17999267578125
221.4199981689453
222.80999755859375
221.72999572753906
221.75999450683594
223.66000366210938
221.02999877929688
221.0500030517578
220.49000549316406
218.5399932861328
214.08999633789062
213.63999938964844
214.5
211.41000366210938
211.6300048828125
213.02999877929688
212.41000366210938
212.1300048828125
209.0500030517578
210.55999755859375
210.4499969482422
212.9600067138672
214.3000030517578
215.6300048828125
216.47999572753906
214.74000549316406
213.52999877929688
216.00999450683594
216.2899932861328
213.08999633789062
211.0800018310547
208.47000122070312
207.89999389648438
209.47000122070312
206.36000061035156
204.22000122070312
203.1199951171875
205.4600067138672
206.7899932861328
208.86000061035156
213.00999450683594
215.41000366210938
215.5
216.13999938964844
216.11000061035156
214.27000427246094
217.4600067138672
217.3300018310547
222.14999389648438
222.6999969482422
222.5500030517578
223.11000061035156
224.7899932861328
224.17999267578125
225.13999938964844
225.3800048828125
225.08999633789062
225.22999572753906
225.3300018310547
226.25999450683594
228.1699981689453
227.35000610351562
226.91000366210938
225.9499969482422
227.75999450683594
228.85000610351562
229.7899932861328
230.66000366210938
234.24000549316406
235.6300048828125
235.30999755859375
236.3300018310547
238.05999755859375
234.50999450683594
236.08999633789062
236.6300048828125
237.8000030517578
238.25
238.1300048828125
237.22000122070312
235.6300048828125
233.3699951171875
232.77000427246094
233.1199951171875
236.4499969482422
236.00999450683594
237.22999572753906
237.07000732421875
237.11000061035156
236.00999450683594
234.58999633789062
236.66000366210938
239.5399932861328
240.5800018310547
241.02000427246094
240.97999572753906
242.32000732421875
242.1199951171875
244.32000732421875
243.97999572753906
239.8699951171875
243.10000610351562
245.17999267578125
244.02000427246094
244.85000610351562
246.77999877929688
247.38999938964844
248.89999389648438
249.13999938964844
245.14999389648438
247.86000061035156
249.77000427246094
248.4600067138672
246.89999389648438
246.9499969482422
251.8300018310547
252
251.24000549316406
251.94000244140625
251.52000427246094
252.5800018310547
254.89999389648438
254.64999389648438
251.9499969482422
253.44000244140625
255.91000366210938
254.42999267578125
254.02000427246094
256.5299987792969
256.2099914550781
255.22000122070312
253.7100067138672
255
256.4700012207031
259.07000732421875
260.1400146484375
258.5
257.9200134277344
257.4599914550781
259.7300109863281
259.8999938964844
259.70001220703125
257.29998779296875
257.70001220703125
254.61000061035156
257.17999267578125
257.4800109863281
257.8500061035156
254.97000122070312
256.70001220703125
253
249.88999938964844
249.13999938964844
247.67999267578125
247.1699981689453
245.22999572753906
247.63999938964844
250.58999633789062
250.64999389648438
249.4600067138672
251.77999877929688
252.77000427246094
248.61000061035156
247.99000549316406
250.55999755859375
253.52999877929688
256.25
256.4800109863281
256.29998779296875
257.80999755859375
258.04998779296875
258.19000244140625
259.45001220703125
262.6400146484375
261.92999267578125
262.29998779296875
262.57000732421875
263.1099853515625
262.2200012207031
259.989990234375
261.8699951171875
261.8699951171875
259.7200012207031
258.45001220703125
260.44000244140625
260.5199890136719
260.489990234375
263.67999267578125
263.45001220703125
262.95001220703125
263.8299865722656
264.2799987792969
266.7699890136719
266.8900146484375
266.69000244140625
268.7200012207031
269.3999938964844
268.7200012207031
268.30999755859375
267.8599853515625
268.739990234375
268.7300109863281
269.3800048828125
267.510009765625
268.04998779296875
269.6000061035156
270.7099914550781
272.1199951171875
272.489990234375
272.4200134277344
275.05999755859375
273.8299865722656
275.6400146484375
276.82000732421875
279.1000061035156
275.1600036621094
272.760009765625
271.05999755859375
273.8900146484375
273.69000244140625
267.5299987792969
266.5
269.69000244140625
269.7099914550781
268.5899963378906
272.57000732421875
268.29998779296875
262.8999938964844
255.17999267578125
257.7699890136719
255.8000030517578
261.7900085449219
262.9200134277344
262.75
267.1199951171875
267.8800048828125
272.5199890136719
273.1700134277344
275.75
275.0799865722656
276.4599914550781
274.1199951171875
277.5899963378906
276.8900146484375
277.1400146484375
275.45001220703125
275.7200012207031
278.3800048828125
272.3900146484375
271.7799987792969
270.94000244140625
266.44000244140625
269.2900085449219
270.3399963378906
273.0299987792969
275.29998779296875
277.2200012207031
277.7699890136719
278.04998779296875
277.3500061035156
282.04998779296875
281.4599914550781
282.1600036621094
282.8699951171875
281.94000244140625
283.20001220703125
282.04998779296875
283.1600036621094
280.5799865722656
280.6400146484375
280.0400085449219
282.75
280.1700134277344
282.5299987792969
284.5
283.9100036621094
286.1099853515625
288.3399963378906
286.3599853515625
287.82000732421875
287.760009765625
288.8900146484375
287.9800109863281
287.6499938964844
285.04998779296875
285.80999755859375
285.5400085449219
286.70001220703125
287.0799865722656
286.3699951171875
281.0299987792969
282.2300109863281
281.7200012207031
285.29998779296875
293.2799987792969
295.3299865722656
296.7099914550781
297.5400085449219
296.3699951171875
296.2300109863281
294.0400085449219
290.30999755859375
291.489990234375
292.8299865722656
293
295.04998779296875
296.510009765625
297.9599914550781
299.04998779296875
298.20001220703125
299.8599853515625
300.42999267578125
300.42999267578125
302.45001220703125
301.6099853515625
302.45001220703125
300.5199890136719
299.3900146484375
301.79998779296875
300.0799865722656
299.92999267578125
301.1499938964844
299.6600036621094
290.3900146484375
289.9800109863281
293.2799987792969
294
297.1199951171875
297.2900085449219
294.07000732421875
290.82000732421875
289.80999755859375
289.260009765625
293.05999755859375
294.70001220703125
291.4100036621094
291.67999267578125
287.29998779296875
287.7699890136719
288.4200134277344
293.7099914550781
293.489990234375
296.20001220703125
299.1400146484375
300.6000061035156
302.17999267578125
301.29998779296875
297.1000061035156
299.6499938964844
298.3699951171875
300.239990234375
298.6000061035156
296.4200134277344
298.57000732421875
299.95001220703125
300.69000244140625
298
299.9100036621094
299.75
298.760009765625
301.8800048828125
301.8399963378906
302.69000244140625
303.1199951171875
301.489990234375
295.9200134277344
294.4100036621094
292.95001220703125
293.04998779296875
288.510009765625
292.9599914550781
287.7099914550781
284.1199951171875
287.3500061035156
282.010009765625
283.3399963378906
275.6199951171875
273.69000244140625
275.0400085449219
271.17999267578125
276.989990234375
279.2799987792969
276.2699890136719
279.4100036621094
278.739990234375
278.8500061035156
284.010009765625
284.489990234375
281.1600036621094
278.989990234375
273.42999267578125
274.8399963378906
275.7699890136719
277.95001220703125
263.9599914550781
248.47000122070312
247.66000366210938
243.75
268.4800109863281
257.42999267578125
261.739990234375
264.1499938964844
263.69000244140625
258.2099914550781
258.75
252.60000610351562
259.0299987792969
263.44000244140625
268.989990234375
270.6400146484375
271.0299987792969
272.6600036621094
272.82000732421875
274.5199890136719
278.79998779296875
277.2200012207031
274.9700012207031
276.1099853515625
278.2799987792969
277.9700012207031
287.2699890136719
289.2200012207031
289.4100036621094
290.5899963378906
292.5799865722656
292.80999755859375
291.8500061035156
286.7699890136719
286.7200012207031
285.0400085449219
290.8999938964844
289.19000244140625
290.1199951171875
289.8800048828125
291.3599853515625
293.3699951171875
293.3399963378906
291.7200012207031
295.1199951171875
295.3599853515625
296.9200134277344
296.1300048828125
297.0799865722656
293.57000732421875
296.4700012207031
294
294.1099853515625
293.42999267578125
296.25
299.7099914550781
299.3599853515625
301.94000244140625
303.30999755859375
303.92999267578125
303.92999267578125
305.510009765625
308.0299987792969
305.6000061035156
305.5799865722656
307.5
308.32000732421875
307.0199890136719
307.7200012207031
306.1000061035156
307.260009765625
309.260009765625
309.0899963378906
309.44000244140625
309.79998779296875
312.4100036621094
312.29998779296875
313.69000244140625